1656445233 1656445238 1 
1656445269 1656445274 1
1656445329 1656445334 1
1656445358 1656445363 1
1656445385 1656445390 1
1656445423 1656445428 1
1656445453 1656445457 1
1656445491 1656445496 1
1656891665 1656891670 1
1656445545 1656445550 1
1656445599 1656445650 100 
1656445667 1656445719 100
1656445767 1656445804 100
1656445831 1656445867 100 
1656445943 1656445987 100
1656446009 1656446051 100
1656446095 1656446137 100
1656446159 1656446202 100
1656891395 1656891427 100
1656446744 1656446784 100
1656610075 1656610593 500
1656447881 1656448127 500 
1656448195 1656448400 500 
1656448434 1656448736 500 
1656448763 1656449096 500 
1656449788 1656450035 500
1656451137 1656451349 500 
1656451368 1656451551 500
1656889381 1656889545 500
1656451815 1656452032 500
1656370938 1656371418 999 
1656371520 1656372058 999 
1656372353 1656372830 999 
1656536678 1656537218 999 
1656543283 1656543688 999 
1656537759 1656538019 999 
1656538105 1656538459 999 
1656539712 1656540465 999 
1656540520 1656541150 999 
1656542681 1656543180 999 