1.2161176204681396 3.616445779800415
1.2357547283172607 0.9490385055541992
1.2527084350585938 1.346104383468628
1.2026195526123047 0.8665652275085449
1.2441496849060059 0.9835190773010254
1.2463419437408447 1.4379496574401855
1.219754695892334 0.8575198650360107
1.3269038200378418 4.838447332382202
1.2365126609802246 1.706115484237671
1.2729201316833496 0.837512731552124
117.11688566207886 3.328887462615967
115.74664831161499 2.297666549682617
116.7739737033844 1.8466858863830566
115.85289263725281 2.414179563522339
116.62953639030457 2.2892608642578125
115.8170485496521 2.6899096965789795
116.184250831604 2.286545753479004
116.84424710273743 1.8944876194000244
118.6261248588562 1.4981436729431152
118.7120566368103 2.021571636199951
591.5331566333771 6.15789270401001
595.619975566864 1.4900119304656982
592.359237909317 1.4935169219970703
595.7962803840637 1.4746949672698975
590.4839675426483 1.4790387153625488
592.6900556087494 1.5206751823425293
589.3119218349457 1.494509220123291
592.8009123802185 1.5406126976013184
586.388391494751 1.530874252319336
583.1771285533905 1.507453203201294
1178.845856666565 3.905618667602539
1193.0796823501587 3.267446756362915
1178.7844350337982 3.3221590518951416
1186.764904975891 3.2871296405792236
1186.1949949264526 3.2424092292785645
1180.8992235660553 3.230714797973633
1183.86585521698 2.846743106842041
1171.0986232757568 1.8818309307098389
1189.3560309410095 1.6810681819915771
1177.0202679634094 1.4171028137207031